bench_moe_cpu: arena 3.3 GB, 1 token(s) per miss
 workers  misses      calls   mean us    p50 us    p99 us
       4       1      45408      33.0      32.9      39.1   41.9 GB/s
       4       2      23091      64.9      64.8      72.5   42.6 GB/s
       4       4      11923     125.7     125.2     134.9   44.0 GB/s
       4       8       6114     245.3     244.3     262.0   45.1 GB/s
       4      16       2899     517.3     514.2     573.3   42.8 GB/s
       6       1      47177      31.7      31.1      37.2   43.6 GB/s
       6       2      25417      59.0      58.4      68.1   46.9 GB/s
       6       4      12954     115.7     114.5     130.2   47.8 GB/s
       6       8       6673     224.6     225.2     245.9   49.2 GB/s
       6      16       3353     447.3     447.4     492.7   49.4 GB/s
       8       1      47323      31.6      31.7      35.6   43.7 GB/s
       8       2      24792      60.4      60.7      65.3   45.8 GB/s
       8       4      12300     121.8     122.2     133.9   45.4 GB/s
       8       8       5984     250.5     250.1     275.8   44.1 GB/s
       8      16       2984     502.5     500.7     562.8   44.0 GB/s
      11       1      46121      32.4      32.3      36.3   42.7 GB/s
      11       2      24040      62.3      61.3      66.9   44.4 GB/s
      11       4      12014     124.7     124.5     135.6   44.3 GB/s
      11       8       6103     245.6     243.8     268.0   45.0 GB/s
      11      16       3100     483.6     482.7     538.2   45.7 GB/s
