bench_moe_cpu: arena 3.3 GB, 3 token(s) per miss
 workers  misses      calls   mean us    p50 us    p99 us
       6       2      18930      79.2      79.0      84.6   34.9 GB/s
       6       4       9578     156.5     156.2     163.1   35.3 GB/s
       6       8       4931     304.1     303.7     311.3   36.4 GB/s
       6      16       2471     607.0     604.6     640.6   36.4 GB/s
       8       2      20024      74.8      74.4      83.2   36.9 GB/s
       8       4      10857     138.1     137.8     150.3   40.0 GB/s
       8       8       5582     268.6     266.9     306.4   41.2 GB/s
       8      16       2861     524.2     519.4     591.6   42.2 GB/s
      11       2      22707      66.0      66.0      71.0   41.9 GB/s
      11       4      11647     128.6     128.4     149.3   43.0 GB/s
      11       8       5861     255.8     253.1     302.4   43.2 GB/s
      11      16       2908     515.5     510.2     579.6   42.9 GB/s
