bench_moe_cpu: arena 3.3 GB, 1 token(s) per miss
 workers  misses      calls   mean us    p50 us    p99 us
       4       1      44152      33.9      33.9      39.9   40.8 GB/s
       4       2      23320      64.2      64.0      72.1   43.0 GB/s
       4       4      11961     125.3     125.0     133.8   44.1 GB/s
       4       8       6130     244.6     244.2     255.7   45.2 GB/s
       6       1      50035      29.9      29.8      35.7   46.2 GB/s
       6       2      24202      61.9      58.2      66.6   44.7 GB/s
       6       4      12616     118.8     118.3     133.6   46.5 GB/s
       6       8       6563     228.4     226.4     255.9   48.4 GB/s
       8       1      45663      32.8      32.8      37.0   42.2 GB/s
       8       2      24529      61.1      61.3      66.4   45.3 GB/s
       8       4      12259     122.3     122.5     136.7   45.2 GB/s
       8       8       6128     244.6     245.2     271.0   45.2 GB/s
      11       1      47684      31.3      31.4      35.5   44.1 GB/s
      11       2      23696      63.2      63.0      69.5   43.7 GB/s
      11       4      11812     126.9     127.0     138.6   43.6 GB/s
      11       8       5795     258.7     258.2     285.8   42.7 GB/s
