271
248068
198
760
1156
682
3766
264
1546
1248
11
56127
1414
8222
3679
12103
22157
421
12771
1599
2942
25
271
16
13
328
760
55721
314
279
40760
45366
5144
5331
4742
3896
8404
2759
2156
45640
2272
33619
15232
12364
1518
24125
1149
198
17
13
328
51
25055
13121
48473
3055
279
1725
3419
998
95272
58524
1238
279
87255
3072
11
864
28028
279
40182
1429
539
1396
2843
17198
1558
1149
198
18
13
328
89539
30742
13441
39676
22958
11
27462
14454
2924
11
321
449
24865
9581
16829
310
10042
3979
4598
1056
12786
12348
1149
198
19
13
328
760
45883
579
539
65259
1042
3492
17420
76928
2261
22700
11
748
8091
6195
37647
303
3200
40297
321
75294
82
303
10151
1149
198
20
13
328
18164
3803
7189
12832
279
10258
4998
311
3946
290
81031
10598
11
65827
1060
866
76135
4973
1881
3615
26486
321
51910
1149
198
21
13
328
760
28708
2465
48868
16067
264
6741
303
279
12304
6795
421
9434
1132
1172
27723
2706
440
83123
26168
1149
271
760
1156
6587
728
310
2962
279
1414
440
264
11346
11
491
13901
883
1204
1439
7189
513
5944
1552
13
353
1220
3165
264
53916
13901
421
14619
279
5090
4346
314
7189
9444
303
279
1414
318
813
5414
5879
10322
11
3896
8404
2759
2156
45640
11
33619
15232
11
82507
29877
36367
7189
11
13017
30742
11
45883
539
65259
11
90702
10258
7189
11
28708
2465
300
25466
8
321
4123
1204
781
513
5944
1552
13
271
9764
728
3165
264
11346
11
3889
13901
883
89304
1439
7189
13
198
248069
271
9205
7189
513
3704
310
264
61010
23513
12263
421
11690
440
449
26606
5144
56383
1440
11
303
864
279
40760
45366
579
3896
8404
2759
2156
45640
513
17515
2002
13909
18552
2272
279
33619
15232
11112
290
4711
310
24125
11
5016
3072
866
34131
1881
13866
24834
13914
11
25347
14040
10379
11
321
2548
8404
64547
13513
13
561
82507
29877
95272
17804
7189
11
2583
279
40182
6206
25530
1238
279
87255
3072
2313
11
513
21250
539
449
9209
16153
82907
6729
421
84828
279
1518
9485
43095
36367
