8660
685
440
264
36283
3807
1116
24304
220
17
15
15
310
220
18
15
15
41535
2785
264
2342
7493
13299
641
4855
22950
1179
5879
780
2859
303
264
60575
641
8020
220
17
17
2859
2597
1142
310
2201
4965
641
561
2645
998
2892
7190
466
16508
641
30858
283
283
283
15641
314
783
12799
276
283
283
283
30858
561
15641
314
783
12799
276
3738
1925
303
5930
220
16
24
20
15
3055
279
5459
1881
443
9619
626
10629
321
783
12799
276
1116
4725
11523
641
4486
279
7796
1116
783
12799
276
14195
303
6434
5888
641
30858
283
283
283
41939
3706
626
283
283
283
30858
561
15641
314
41939
3706
626
3738
1925
303
5930
220
16
24
20
15
3055
279
5459
1881
443
9619
626
10629
321
41939
3706
626
1116
4725
11523
641
4486
279
7796
1116
41939
3706
626
14195
303
6434
5888
641
30858
283
283
283
52760
263
283
283
283
30858
2985
279
10488
303
279
443
9619
626
13108
689
1990
303
4936
1116
383
5930
220
16
20
1116
6434
8177
11291
279
15641
314
52760
263
641
561
84893
1181
19710
24526
1116
13964
974
279
4634
15659
8177
864
998
10488
279
15641
314
387
38880
3495
24529
310
279
9514
321
10377
279
2201
8177
310
4336
279
4634
67350
680
314
279
6809
689
641
695
561
2201
220
17
302
14074
321
279
220
16
267
22248
63978
1116
46961
539
279
220
16
24
337
62375
70215
1116
8308
7289
9897
1550
8574
279
4634
15659
3755
641
561
4634
15659
13003
557
15749
680
314
4725
11523
539
279
809
314
5930
321
557
20563
14012
641
4486
279
15641
314
279
443
9619
626
13108
689
1116
2201
8177
10530
9897
1472
279
15659
63188
1116
2980
279
8193
20309
9290
1070
1142
310
279
9514
641
30858
283
283
3382
1048
283
283
283
30858
695
283
283
42618
283
283
30858
695
283
283
45462
283
283
30858
4558
103749
109120
99516
98895
148240
97551
1710
99448
97551
96932
103934
95826
1
283
328
220
110127
271
248068
198
760
1156
682
3766
264
3349
1414
8222
5081
25737
9421
